S 320 240
L 0 img/PrtMimi.png
T 0 32 16 16 16 0 0
T 0 48 16 16 16 16 0
T 0 64 16 16 16 80 0
T 0 80 16 16 16 96 0
T 0 48 32 16 16 112 0
T 0 64 32 16 16 128 0
T 0 48 32 16 16 144 0
T 0 64 32 16 16 160 0
T 0 64 16 16 16 112 16
T 0 80 16 16 16 128 16
T 0 32 16 16 16 144 16
T 0 48 16 16 16 160 16
T 0 32 16 16 16 176 0
T 0 48 16 16 16 192 0
T 0 128 32 16 16 304 0
T 0 0 16 16 16 0 160
T 0 16 16 16 16 16 160
T 0 0 16 16 16 32 160
T 0 16 16 16 16 48 160
T 0 0 16 16 16 64 160
T 0 16 16 16 16 80 160
T 0 0 16 16 16 96 160
T 0 16 16 16 16 112 160
T 0 64 64 16 16 128 160
T 0 80 64 16 16 144 160
T 0 32 32 16 16 0 176
T 0 32 32 16 16 16 176
T 0 32 32 16 16 32 176
T 0 32 32 16 16 48 176
T 0 32 32 16 16 64 176
T 0 32 32 16 16 80 176
T 0 32 32 16 16 96 176
T 0 32 32 16 16 112 176
T 0 32 32 16 16 128 176
T 0 32 32 16 16 144 176
T 0 48 32 16 16 160 160
T 0 64 32 16 16 176 160
T 0 48 32 16 16 192 160
T 0 64 32 16 16 208 160
T 0 48 48 16 16 160 176
T 0 64 48 16 16 176 176
T 0 48 48 16 16 192 176
T 0 64 48 16 16 208 176
T 0 144 0 16 16 160 128
T 0 160 0 16 16 176 128
T 0 176 0 16 16 192 128
T 0 192 0 16 16 208 128
T 0 144 16 16 16 160 144
T 0 160 16 16 16 176 144
T 0 176 16 16 16 192 144
T 0 192 16 16 16 208 144
T 0 176 64 16 16 160 112
T 0 192 64 16 16 176 112
T 0 182 64 16 16 192 112
T 0 208 64 16 16 208 112
T 0 160 48 16 16 144 96
T 0 176 48 16 16 160 96
T 0 192 48 16 16 176 96
T 0 192 48 16 16 192 96
T 0 208 48 16 16 208 96
T 0 224 48 16 16 224 96
T 0 32 32 16 16 224 112
T 0 32 32 16 16 224 128
T 0 32 32 16 16 224 144
T 0 32 32 16 16 224 160
T 0 48 48 16 16 224 176
T 0 176 80 16 16 240 160
T 0 192 80 16 16 256 160
T 0 208 80 16 16 272 160
T 0 208 80 16 16 288 160
T 0 208 80 16 16 304 160
T 0 48 48 16 16 240 176
T 0 64 48 16 16 256 176
T 0 176 96 16 16 272 176
T 0 192 96 16 16 288 176
T 0 240 48 16 16 304 176
