S 640 480
L 0 img/PrtMimi_lg.png
T 0 64 32 32 32 0 0
T 0 96 32 32 32 32 0
T 0 128 32 32 32 160 0
T 0 160 32 32 32 192 0
T 0 96 64 32 32 224 0
T 0 128 64 32 32 256 0
T 0 96 64 32 32 288 0
T 0 128 64 32 32 320 0
T 0 128 32 32 32 224 32
T 0 160 32 32 32 256 32
T 0 64 32 32 32 288 32
T 0 96 32 32 32 320 32
T 0 64 32 32 32 352 0
T 0 96 32 32 32 384 0
T 0 256 64 32 32 608 0
T 0 0 32 32 32 0 320
T 0 32 32 32 32 32 320
T 0 0 32 32 32 64 320
T 0 32 32 32 32 96 320
T 0 0 32 32 32 128 320
T 0 32 32 32 32 160 320
T 0 0 32 32 32 192 320
T 0 32 32 32 32 224 320
T 0 128 128 32 32 256 320
T 0 160 128 32 32 288 320
T 0 64 64 32 32 0 352
T 0 64 64 32 32 32 352
T 0 64 64 32 32 64 352
T 0 64 64 32 32 96 352
T 0 64 64 32 32 128 352
T 0 64 64 32 32 160 352
T 0 64 64 32 32 192 352
T 0 64 64 32 32 224 352
T 0 64 64 32 32 256 352
T 0 64 64 32 32 288 352
T 0 96 64 32 32 320 320
T 0 128 64 32 32 352 320
T 0 96 64 32 32 384 320
T 0 128 64 32 32 416 320
T 0 96 96 32 32 320 352
T 0 128 96 32 32 352 352
T 0 96 96 32 32 384 352
T 0 128 96 32 32 416 352
T 0 288 0 32 32 320 256
T 0 320 0 32 32 352 256
T 0 352 0 32 32 384 256
T 0 384 0 32 32 416 256
T 0 288 32 32 32 320 288
T 0 320 32 32 32 352 288
T 0 352 32 32 32 384 288
T 0 384 32 32 32 416 288
T 0 352 128 32 32 320 224
T 0 384 128 32 32 352 224
T 0 364 128 32 32 384 224
T 0 416 128 32 32 416 224
T 0 320 96 32 32 288 192
T 0 352 96 32 32 320 192
T 0 384 96 32 32 352 192
T 0 384 96 32 32 384 192
T 0 416 96 32 32 416 192
T 0 448 96 32 32 448 192
T 0 64 64 32 32 448 224
T 0 64 64 32 32 448 256
T 0 64 64 32 32 448 288
T 0 64 64 32 32 448 320
T 0 96 96 32 32 448 352
T 0 352 160 32 32 480 320
T 0 384 160 32 32 512 320
T 0 416 160 32 32 544 320
T 0 416 160 32 32 576 320
T 0 416 160 32 32 608 320
T 0 96 96 32 32 480 352
T 0 128 96 32 32 512 352
T 0 352 192 32 32 544 352
T 0 384 192 32 32 576 352
T 0 480 96 32 32 608 352
